0.0095734 -0.0132021 0.0062143 0.0108635 0.0042274 0.0311025 0.0157770 0.0015951 0.0116252 0.0026169 0.0338214 0.0366112 0.0097174 -0.0011750 -0.0258354 0.0051349 0.0300358 0.0013381 -0.0057391 0.0181062 0.0078843 -0.0000424 -0.0217149 0.0375653 -0.0026645 0.0258324 0.0155326 0.0196664 0.0219183 0.0074174 0.0032762 0.0173484 -0.0068542 0.0006054 0.0100635 0.0086499 0.0120912 
0.0006380 0.0059816 0.0096706 0.0037631 0.0126498 -0.0020325 0.0125736 0.0258337 0.0009316 0.0030792 0.0009118 -0.0171530 0.0045579 0.0007172 0.0070605 0.0111602 -0.0205065 -0.0083785 -0.0062700 -0.0307406 0.0188713 -0.0166430 0.0052536 0.0057115 0.0309709 0.0013901 -0.0023318 0.0463229 0.0284456 0.0552636 0.0236601 0.0076644 0.0151961 0.0213493 0.0199295 -0.0000960 0.0096927 
-0.0011626 0.0290981 0.0324625 0.0121926 0.0119315 0.0450952 -0.0054821 -0.0167349 -0.0300775 -0.0062856 0.0086973 -0.0007570 0.0090634 -0.0196439 0.0054683 0.0043141 0.0141864 0.0019447 0.0009405 0.0146620 -0.0191641 0.0026558 0.0087996 0.0155395 -0.0194634 0.0075700 0.0081887 0.0122263 0.0042276 0.0071977 -0.0099095 -0.0068114 0.0325794 0.0130140 0.0091598 -0.0094847 0.0052398 
0.0288777 0.0144234 0.0117032 0.0258950 0.0128199 0.0286588 0.0216699 0.0026381 0.0112134 0.0025024 0.0052767 -0.0296134 -0.0037530 0.0023518 -0.0044424 0.0087594 0.0155367 0.0053655 0.0059281 -0.0122817 0.0068563 0.0016059 0.0204781 0.0221505 0.0103896 0.0174802 0.0149705 0.0038016 0.0000000 0.0061516 -0.0020332 0.0113406 0.0043466 0.0026906 0.0063662 -0.0082678 -0.0190930 
-0.0137934 0.0107175 0.0332001 0.0218921 0.0276935 0.0312415 0.0002191 0.0030465 0.0022786 0.0058208 0.0338507 0.0353738 0.0028081 -0.0118306 0.0151356 -0.0051797 0.0165221 0.0015673 0.0103653 -0.0133958 0.0053963 0.0031070 0.0106705 0.0010054 -0.0148170 -0.0224800 0.0063279 -0.0062154 0.0412738 0.0226308 0.0293892 0.0002716 0.0297738 0.0091947 0.0025563 -0.0230647 0.0190480 
0.0034953 0.0056051 -0.0151709 0.0176989 -0.0075252 0.0130511 0.0159948 -0.0057205 0.0132167 0.0070057 0.0033286 0.0234843 0.0142631 0.0103536 0.0268326 0.0058052 0.0015388 0.0372062 0.0257242 0.0133625 0.0009684 0.0037266 0.0175837 -0.0056136 0.0276884 0.0124540 0.0159856 0.0126409 0.0013472 0.0086792 0.0064608 -0.0202577 0.0233236 0.0240386 -0.0005204 0.0419815 -0.0128096 
0.0073866 0.0298957 0.0016929 0.0006736 0.0197007 0.0293964 0.0015542 -0.0308153 -0.0036111 0.0071743 0.0194286 0.0001163 -0.0066940 -0.0005061 0.0433331 -0.0002174 0.0231064 0.0043914 0.0246415 0.0461739 0.0160388 0.0271976 0.0255354 0.0017142 0.0181742 0.0410498 -0.0010381 0.0087333 0.0106620 -0.0112719 0.0100151 0.0034899 0.0042102 0.0075387 -0.0023356 -0.0164339 0.0105250 
0.0030009 0.0011019 -0.0351983 0.0333561 0.0058396 -0.0038117 0.0201527 0.0333458 -0.0293754 0.0099985 0.0105130 0.0141315 -0.0027787 0.0119654 0.0106840 0.0042955 0.0167762 -0.0429415 -0.0141377 0.0101948 0.0196726 0.0178437 0.0076059 0.0045558 0.0013078 0.0093308 0.0203000 0.0204174 -0.0171122 -0.0461993 0.0145561 -0.0112193 0.0033690 0.0086364 -0.0162881 0.0391383 0.0184638 
0.0074479 -0.0039984 0.0062893 0.0162230 0.0072748 -0.0177965 -0.0042047 -0.0099845 -0.0189429 0.0106942 0.0241930 0.0428533 -0.0487094 -0.0041447 0.0293724 0.0118812 0.0040636 0.0035725 0.0109841 0.0057854 0.0136585 0.0009706 0.0050443 0.0166107 0.0121127 0.0043206 -0.0000667 0.0076097 0.0250327 0.0051746 0.0080988 -0.0073209 0.0036281 0.0010579 0.0332699 0.0028614 -0.0022508 
0.0383193 -0.0104826 0.0242670 0.0366834 0.0017409 0.0273946 -0.0031899 -0.0008148 0.0350801 -0.0166870 0.0249712 0.0053153 0.0154141 -0.0196311 0.0026190 -0.0037507 0.0349073 -0.0010622 0.0013042 0.0032891 -0.0005000 0.0421243 0.0351210 0.0030543 0.0038390 0.0375951 0.0029911 0.0126590 -0.0056482 0.0092286 0.0029039 -0.0108211 0.0114786 -0.0126917 -0.0138030 0.0087373 0.0264055 
0.0004783 0.0027704 0.0136077 -0.0196163 0.0195715 0.0040504 0.0035267 0.0119102 0.0005422 0.0016749 0.0069546 0.0081750 0.0100019 0.0068470 0.0243358 0.0032782 0.0158777 -0.0004828 -0.0172977 -0.0433992 0.0176255 0.0138600 -0.0011771 0.0044887 -0.0090315 0.0180862 0.0283165 0.0104506 0.0073645 -0.0202295 0.0198089 0.0028516 -0.0209239 0.0171167 0.0139145 0.0074177 -0.0052695 
-0.0138697 0.0050755 -0.0096319 -0.0025625 0.0024524 0.0115530 0.0150286 0.0061421 -0.0294210 0.0040534 0.0055651 0.0078834 0.0131766 0.0066515 0.0024893 0.0355534 0.0006693 0.0035799 0.0183737 -0.0105233 0.0242957 -0.0289419 -0.0036556 0.0025391 0.0229758 0.0220440 0.0017600 0.0030901 -0.0145401 0.0086564 0.0313477 0.0183378 0.0063038 0.0406075 0.0026050 0.0001015 0.0020761 
0.0224037 0.0043972 -0.0094981 0.0084872 0.0206627 -0.0007737 0.0082557 0.0374061 0.0018948 0.0162863 -0.0105226 -0.0021148 0.0201578 0.0396875 -0.0097510 -0.0053533 0.0017542 0.0111516 0.0069138 0.0078568 0.0003274 0.0080357 0.0052661 0.0118590 0.0155987 0.0418639 0.0100389 0.0034551 -0.0085988 0.0163441 -0.0394743 0.0083990 0.0292081 0.0253840 0.0205603 0.0008444 -0.0024448 
0.0122126 0.0171951 0.0051119 0.0128592 0.0110076 0.0063189 0.0038073 -0.0146672 -0.0175645 -0.0068302 -0.0031859 0.0002993 0.0020772 -0.0032202 0.0133477 0.0229982 0.0051918 0.0190340 0.0121756 -0.0115440 -0.0293812 -0.0086892 0.0012473 0.0089243 0.0204019 0.0137963 -0.0060046 0.0062538 -0.0049386 0.0304103 0.0242508 -0.0191018 0.0018542 -0.0162091 0.0223234 0.0024076 0.0079122 
0.0273622 0.0087663 0.0269355 0.0077111 0.0153736 0.0094559 0.0173280 0.0144167 0.0022354 0.0167308 -0.0020232 0.0078386 0.0148943 0.0075059 -0.0009226 0.0116768 0.0332508 -0.0077252 -0.0093687 0.0313558 -0.0004461 0.0097771 -0.0041727 -0.0076486 0.0192119 0.0117838 0.0109030 0.0026466 -0.0100380 0.0230197 -0.0097108 0.0041009 0.0289333 0.0240402 0.0156572 0.0015874 0.0165621 
0.0125966 -0.0102870 0.0057295 -0.0103338 0.0084847 0.0165502 0.0011237 -0.0079778 0.0009113 0.0247108 0.0207746 0.0176050 0.0018445 0.0194322 0.0024646 0.0035822 0.0042390 0.0244523 -0.0268469 -0.0119918 0.0005730 0.0010768 0.0036543 0.0034098 -0.0000554 0.0391543 0.0191018 0.0363229 -0.0258614 0.0256077 0.0068033 0.0390714 0.0098556 0.0212202 0.0170791 0.0206584 0.0104452 
0.0126297 0.0231656 0.0244167 0.0019931 -0.0145158 0.0043937 0.0097882 0.0184421 0.0048534 -0.0074319 0.0324114 0.0035959 0.0150803 0.0031649 0.0161458 -0.0214219 0.0186676 0.0172541 0.0016658 0.0231877 -0.0119920 -0.0003572 -0.0091938 0.0104110 0.0066526 0.0033002 0.0213961 0.0346749 0.0069942 0.0074617 -0.0391324 0.0131095 0.0032543 0.0136534 0.0100451 0.0043756 0.0056635 
-0.0017330 -0.0157123 0.0158866 -0.0015538 0.0056379 -0.0479196 0.0052105 0.0055920 0.0219148 0.0297165 0.0021146 0.0193664 0.0034231 -0.0058632 0.0020728 0.0053743 0.0122336 -0.0013792 0.0008955 0.0505761 0.0264341 0.0077006 -0.0081570 -0.0003595 -0.0195313 0.0136004 0.0275295 0.0002920 0.0009855 -0.0331038 0.0481415 0.0243471 0.0037817 0.0219836 0.0178520 0.0030442 -0.0055125 
0.0396506 -0.0006214 0.0006658 0.0037540 0.0193535 0.0077743 0.0320165 0.0019446 0.0311762 -0.0453285 0.0218199 -0.0218246 0.0168590 0.0049049 -0.0168128 -0.0093802 0.0185950 -0.0115630 0.0035612 -0.0022329 -0.0004607 0.0197315 0.0005089 0.0147315 0.0085583 0.0176687 0.0254964 0.0009217 0.0298015 0.0356391 0.0184728 -0.0048986 0.0158652 0.0220568 0.0007261 0.0099015 -0.0041008 
0.0027333 -0.0152446 0.0043996 0.0009093 0.0180503 0.0024422 0.0098108 0.0238577 -0.0090687 0.0068813 0.0089087 0.0026945 0.0009625 0.0059136 0.0008864 0.0056410 0.0174049 0.0100268 0.0207012 0.0376822 0.0088798 0.0145215 -0.0039726 0.0365481 0.0174202 0.0133645 0.0123612 0.0151431 0.0450924 0.0177197 -0.0019369 0.0074194 0.0018292 -0.0149131 0.0211593 0.0177814 0.0070497 
0.0150988 -0.0248275 0.0083105 0.0114003 0.0042056 0.0269197 0.0003574 -0.0299157 0.0079610 0.0376024 0.0030742 0.0100827 0.0013080 -0.0271827 -0.0067671 0.0258877 0.0092752 -0.0016923 0.0202275 -0.0068610 0.0048120 0.0149667 0.0031546 0.0298280 0.0087039 -0.0001039 0.0401216 0.0040724 -0.0377118 0.0020657 -0.0042059 0.0015740 0.0279245 0.0302260 0.0119663 0.0079783 -0.0123581 
0.0031380 0.0275418 0.0077391 -0.0053258 0.0085481 -0.0063545 0.0321797 -0.0070410 0.0272786 -0.0007550 0.0420757 -0.0244568 0.0155143 0.0027026 0.0313031 -0.0180903 -0.0221806 0.0068693 0.0534393 0.0047611 0.0083978 0.0022862 0.0395464 0.0152006 -0.0009052 0.0219463 0.0074875 0.0043036 -0.0072165 0.0289314 0.0024857 -0.0077521 0.0155269 0.0026339 -0.0143888 0.0200094 0.0045839 
0.0146629 0.0055809 0.0011526 0.0135628 0.0092980 0.0068473 0.0235942 0.0080231 0.0121425 0.0246509 -0.0194808 -0.0015619 0.0224582 0.0411776 0.0112279 -0.0268971 -0.0245017 0.0176052 0.0014869 0.0000459 -0.0244808 0.0030188 0.0046996 -0.0036722 0.0207760 0.0107655 -0.0248014 -0.0101691 0.0369006 0.0003052 0.0240751 -0.0096661 0.0256883 -0.0100491 0.0056682 0.0288154 0.0226632 
0.0150834 0.0013398 0.0236279 0.0119134 -0.0098571 0.0081022 0.0102761 0.0021490 -0.0430458 0.0076683 -0.0258622 0.0099610 0.0200204 0.0113468 -0.0141012 0.0022256 -0.0027386 -0.0039376 -0.0060985 -0.0043883 0.0114221 0.0063193 0.0000508 -0.0057993 0.0305055 -0.0090371 0.0275791 -0.0042958 -0.0155816 0.0010143 0.0408280 0.0228042 0.0349675 -0.0179972 0.0310007 -0.0222247 0.0083718 
0.0004180 -0.0008465 0.0187918 0.0075430 0.0157788 0.0143799 0.0024227 0.0132042 0.0092040 0.0394990 -0.0159137 0.0332372 -0.0048133 0.0183323 -0.0153876 -0.0162487 0.0149050 -0.0185095 -0.0055240 -0.0100692 -0.0040266 -0.0022616 0.0086214 -0.0191076 0.0098120 0.0193762 -0.0176562 0.0207671 0.0144786 -0.0193358 0.0124735 -0.0237321 0.0005438 0.0170300 0.0264449 0.0292760 0.0042767 
0.0040900 -0.0069800 0.0035552 0.0213866 0.0156976 0.0260768 -0.0241702 -0.0271823 0.0001652 0.0013866 0.0080108 0.0026989 -0.0053558 0.0046377 0.0135564 0.0297895 0.0069997 0.0114342 -0.0093931 0.0017419 0.0018346 0.0370167 0.0373404 0.0058854 0.0016062 0.0224976 -0.0031414 0.0120030 0.0143465 0.0007447 0.0117756 -0.0038743 0.0052962 0.0044744 0.0121391 0.0390868 0.0138058 
-0.0027253 0.0283781 0.0324714 -0.0084165 0.0259428 0.0424405 0.0244886 0.0205269 0.0001287 0.0456377 0.0037314 0.0017520 0.0129880 0.0034261 -0.0021886 -0.0015253 0.0066842 0.0354237 0.0051739 -0.0059211 0.0371399 0.0004936 0.0282854 0.0032326 -0.0032421 0.0314207 0.0068011 0.0056395 0.0349467 0.0009071 0.0232267 0.0071883 -0.0067891 0.0047955 -0.0132065 0.0177036 0.0304965 
0.0288687 0.0122050 0.0020775 0.0069647 0.0333057 -0.0160789 -0.0057697 -0.0226996 0.0045142 0.0147785 -0.0043020 0.0091982 0.0272624 -0.0032322 0.0044449 0.0077079 -0.0179568 0.0217472 0.0026292 0.0139771 0.0047519 0.0018110 0.0076691 -0.0063045 -0.0155183 0.0212940 0.0048210 0.0098574 -0.0036651 -0.0145334 0.0471795 0.0106641 -0.0069965 0.0017602 0.0000842 0.0135502 0.0014259 
0.0103527 0.0072505 0.0147519 0.0295206 0.0049942 0.0093988 0.0069352 0.0037948 0.0068359 0.0132393 0.0446656 -0.0297499 0.0148275 0.0020473 0.0039718 -0.0288847 -0.0049778 0.0118877 0.0107314 0.0286350 0.0083165 0.0012478 -0.0002920 0.0108656 -0.0427724 0.0393159 0.0097755 0.0072696 -0.0025088 0.0003697 0.0009031 0.0028896 0.0048006 0.0043404 0.0133063 0.0284295 0.0343394 
-0.0046636 -0.0068876 -0.0007466 -0.0033273 0.0140420 0.0007233 -0.0012903 0.0143767 -0.0309596 0.0012913 -0.0062700 0.0282757 0.0261237 -0.0139557 -0.0412514 0.0252950 0.0289966 0.0469761 0.0124670 0.0102528 -0.0114890 0.0046748 0.0151258 -0.0081351 0.0222084 0.0131921 0.0143665 0.0082928 0.0431208 -0.0002771 0.0074267 0.0080574 0.0060746 -0.0065846 0.0006069 0.0024113 0.0198568 
-0.0050007 0.0230902 0.0052513 -0.0016918 0.0111006 0.0214537 -0.0053571 -0.0298354 0.0119621 0.0003606 -0.0092443 0.0209061 0.0031145 -0.0012090 0.0154648 -0.0050462 0.0148372 0.0397043 0.0026936 -0.0157523 0.0015656 -0.0031759 -0.0044716 0.0435321 0.0215942 0.0034419 0.0101749 0.0193314 0.0029604 0.0229989 0.0070655 0.0042000 0.0217097 0.0132271 0.0074749 -0.0212949 0.0080618 
0.0221870 0.0132117 0.0110598 0.0299277 -0.0137736 0.0012570 0.0131589 -0.0005347 0.0036150 0.0116648 -0.0001973 -0.0033219 0.0367326 -0.0102698 -0.0037896 0.0123623 0.0095119 0.0385840 0.0107950 0.0092949 0.0285240 0.0226292 0.0259961 -0.0025417 0.0141108 -0.0169489 0.0068208 0.0206854 0.0103427 0.0245490 0.0100124 0.0341896 0.0049368 -0.0168089 -0.0077859 0.0157387 -0.0049799 
-0.0092496 0.0151419 -0.0048347 0.0351041 -0.0051098 0.0022651 -0.0091880 -0.0024602 0.0087355 0.0071057 0.0015448 0.0028796 0.0211587 0.0134820 0.0045012 -0.0087921 0.0235371 -0.0027374 0.0363716 0.0279288 0.0100880 -0.0177573 0.0126815 -0.0033812 0.0169294 0.0015665 0.0207224 -0.0003710 0.0084637 0.0043005 0.0041819 0.0000371 0.0042873 -0.0066522 0.0147863 0.0076062 0.0036607 
-0.0008744 0.0111798 -0.0115295 0.0284728 0.0117228 0.0320105 0.0153733 0.0025083 -0.0300137 -0.0060842 -0.0444795 0.0030095 0.0024986 -0.0122707 -0.0215223 0.0325053 0.0021431 0.0103028 0.0016924 -0.0266243 0.0151105 -0.0179117 0.0203235 0.0075613 0.0046488 0.0008129 -0.0321938 0.0255893 0.0061320 0.0196873 0.0288377 -0.0164568 0.0024345 -0.0017105 0.0038747 -0.0128187 -0.0029476 
0.0576739 0.0349044 0.0057695 0.0253143 0.0051730 -0.0012738 0.0031017 -0.0102216 -0.0006998 0.0003840 0.0161028 0.0336892 -0.0159963 0.0089701 0.0214200 0.0036794 0.0009027 0.0258955 -0.0108055 0.0054988 -0.0181153 -0.0233723 0.0000666 0.0237991 -0.0042569 -0.0236094 0.0066243 -0.0015269 0.0434425 0.0141463 0.0204045 0.0042853 0.0045188 -0.0073669 0.0165357 0.0143164 0.0080794 
0.0130169 0.0033092 0.0443155 -0.0065974 0.0168933 0.0450897 -0.0029170 0.0133945 0.0015055 0.0101839 0.0088055 0.0300612 -0.0087178 0.0035671 -0.0129315 0.0085647 -0.0100913 0.0072202 -0.0029878 0.0072020 0.0338312 0.0032685 0.0256100 0.0149137 0.0031810 0.0103741 0.0068539 0.0122071 -0.0089410 0.0103542 -0.0256870 0.0326876 0.0048315 0.0139040 -0.0020783 -0.0017337 0.0031360 
0.0254359 0.0174537 -0.0076017 0.0088178 -0.0092711 0.0102808 0.0039656 0.0351916 -0.0209972 0.0120524 0.0069880 0.0080537 0.0025832 0.0088739 0.0050848 0.0149204 0.0006674 0.0178746 0.0027015 0.0048654 0.0319820 0.0031678 0.0139103 0.0042852 0.0038662 0.0035587 0.0007835 0.0226895 0.0174247 0.0088633 -0.0073850 0.0268591 -0.0171491 -0.0111442 -0.0297586 -0.0312705 0.0173053 

8.0593601 -0.8237089 8.7908944 5.4753601 1.1553642 1.0439259 2.4442044 7.4561223 8.0306812 4.3061626 5.0672787 6.0098868 0.0096118 6.7184198 -1.1788283 -0.6834279 -1.1160104 -0.8768676 4.5271800 4.4325910 8.7221754 6.0324029 2.3572837 1.1565087 7.4602117 1.2912621 5.4265752 3.6135932 7.6273933 6.1578872 5.6380076 2.9570117 5.7566714 0.4091827 -0.8916978 0.7897858 1.4719217 